0.007350000000000001	0	-0.0125
0.007335496453947796	0.00046151031854045323	-0.012475
0.007292043054661413	0.0009211992666976361	-0.012450000000000001
0.007219811292855862	0.001377252662205076	-0.012425
0.00711908623429544	0.0018278706706616825	-0.012400000000000001
0.006990265394769379	0.0022712749086558634	-0.012375
0.006833857171278649	0.002705715462232383	-0.01235
0.006650478835625245	0.003129477793003284	-0.012325000000000001
0.006440854098322398	0.0035408895046476073	-0.0123
0.006205810252439811	0.003938326943095626	-0.012275000000000001
0.005946274908655865	0.004320221604349678	-0.01225
0.005663272334402052	0.00468506632465287	-0.012225000000000001
0.005357919411547375	0.005031421228575862	-0.0122
0.0050314212285758626	0.005357919411547374	-0.012175
0.0046850663246528704	0.005663272334402051	-0.012150000000000001
0.004320221604349678	0.005946274908655865	-0.012125
0.003938326943095627	0.00620581025243981	-0.012100000000000001
0.003540889504647608	0.006440854098322398	-0.012075
0.0031294777930032844	0.006650478835625245	-0.01205
0.0027057154622323843	0.006833857171278648	-0.012025000000000001
0.002271274908655864	0.006990265394769379	-0.012
0.001827870670661684	0.007119086234295439	-0.011975000000000001
0.001377252662205077	0.0072198112928558615	-0.01195
0.000921199266697638	0.007292043054661412	-0.011925
0.0004615103185404545	0.007335496453947796	-0.0119
4500576986866523e-34	0.007350000000000001	-0.011875
-0.00046151031854045193	0.007335496453947796	-0.011850000000000001
-0.0009211992666976356	0.007292043054661413	-0.011825
-0.0013772526622050742	0.007219811292855862	-0.011800000000000001
-0.0018278706706616817	0.00711908623429544	-0.011775
-0.002271274908655863	0.00699026539476938	-0.01175
-0.0027057154622323817	0.006833857171278649	-0.011725000000000001
-0.003129477793003282	0.006650478835625246	-0.0117
-0.003540889504647606	0.006440854098322399	-0.011675000000000001
-0.003938326943095624	0.006205810252439812	-0.01165
-0.004320221604349677	0.005946274908655865	-0.011625
-0.0046850663246528704	0.005663272334402052	-0.011600000000000001
-0.00503142122857586	0.005357919411547377	-0.011575
-0.0053579194115473735	0.005031421228575863	-0.011550000000000001
-0.005663272334402051	0.0046850663246528704	-0.011525
-0.005946274908655864	0.004320221604349679	-0.011500000000000002
-0.006205810252439811	0.003938326943095626	-0.011475
-0.006440854098322397	0.00354088950464761	-0.01145
-0.006650478835625243	0.0031294777930032857	-0.011425000000000001
-0.006833857171278648	0.0027057154622323848	-0.0114
-0.006990265394769379	0.0022712749086558643	-0.011375000000000001
-0.007119086234295438	0.0018278706706616862	-0.01135
-0.0072198112928558615	0.001377252662205079	-0.011325
-0.007292043054661412	0.0009211992666976384	-0.011300000000000001
-0.007335496453947796	0.00046151031854045486	-0.011275
-0.007350000000000001	9001153973733047e-34	-0.011250000000000001
-0.007335496453947796	-0.00046151031854044987	-0.011225
-0.007292043054661413	-0.0009211992666976333	-0.0112
-0.007219811292855862	-0.0013772526622050738	-0.011175000000000001
-0.00711908623429544	-0.0018278706706616812	-0.01115
-0.00699026539476938	-0.0022712749086558626	-0.011125000000000001
-0.00683385717127865	-0.0027057154622323796	-0.0111
-0.006650478835625246	-0.0031294777930032814	-0.011075000000000002
-0.006440854098322399	-0.0035408895046476056	-0.01105
-0.006205810252439812	-0.003938326943095624	-0.011025
-0.005946274908655865	-0.004320221604349677	-0.011000000000000001
-0.005663272334402054	-0.004685066324652867	-0.010975
-0.005357919411547378	-0.00503142122857586	-0.010950000000000001
-0.005031421228575864	-0.0053579194115473735	-0.010925
-0.004685066324652873	-0.005663272334402048	-0.0109
-0.004320221604349679	-0.005946274908655864	-0.010875000000000001
-0.003938326943095629	-0.006205810252439809	-0.01085
-0.0035408895046476073	-0.006440854098322398	-0.010825000000000001
-0.003129477793003286	-0.006650478835625243	-0.0108
-0.002705715462232388	-0.006833857171278646	-0.010775
-0.0022712749086558647	-0.006990265394769379	-0.010750000000000001
-0.0018278706706616867	-0.007119086234295438	-0.010725
-0.0013772526622050762	-0.007219811292855862	-0.010700000000000001
-0.0009211992666976388	-0.007292043054661412	-0.010675
-0.00046151031854045865	-0.007335496453947796	-0.010650000000000001
-13501730960599568e-34	-0.007350000000000001	-0.010625
0.0004615103185404494	-0.007335496453947796	-0.0106
0.0009211992666976361	-0.007292043054661413	-0.010575000000000001
0.0013772526622050736	-0.007219811292855862	-0.01055
0.0018278706706616776	-0.007119086234295441	-0.010525000000000001
0.002271274908655862	-0.00699026539476938	-0.0105
0.002705715462232379	-0.00683385717127865	-0.010475
0.003129477793003284	-0.006650478835625245	-0.010450000000000001
0.003540889504647605	-0.0064408540983224	-0.010425
0.0039383269430956205	-0.006205810252439815	-0.010400000000000001
0.004320221604349676	-0.0059462749086558655	-0.010375
0.004685066324652867	-0.005663272334402054	-0.01035
0.005031421228575857	-0.0053579194115473796	-0.010325
0.005357919411547373	-0.005031421228575864	-0.0103
0.005663272334402048	-0.004685066324652874	-0.010275000000000001
0.005946274908655864	-0.00432022160434968	-0.01025
0.006205810252439809	-0.003938326943095629	-0.010225000000000001
0.006440854098322395	-0.003540889504647614	-0.0102
0.006650478835625243	-0.0031294777930032866	-0.010175
0.006833857171278646	-0.0027057154622323887	-0.010150000000000001
0.006990265394769379	-0.002271274908655865	-0.010125
0.007119086234295438	-0.0018278706706616869	-0.010100000000000001
0.007219811292855861	-0.0013772526622050831	-0.010075
0.007292043054661412	-0.0009211992666976393	-0.01005
0.007335496453947796	-0.00046151031854045903	-0.010025000000000001
0.007350000000000001	-18002307947466094e-34	-0.01
0.007335496453947796	0.00046151031854044895	-0.009975000000000001
0.007292043054661414	0.0009211992666976292	-0.00995
0.007219811292855862	0.0013772526622050731	-0.009925000000000002
0.007119086234295441	0.0018278706706616771	-0.0099
0.00699026539476938	0.002271274908655862	-0.009875
0.006833857171278651	0.0027057154622323787	-0.009850000000000001
0.0066504788356252465	0.003129477793003278	-0.009825
0.0064408540983224	0.0035408895046476047	-0.009800000000000001
0.006205810252439815	0.0039383269430956205	-0.009775
0.0059462749086558655	0.004320221604349676	-0.00975
0.005663272334402054	0.004685066324652866	-0.009725000000000001
0.00535791941154738	0.0050314212285758565	-0.0097
0.005031421228575864	0.005357919411547373	-0.009675000000000001
0.004685066324652874	0.005663272334402047	-0.00965
0.00432022160434968	0.005946274908655863	-0.009625
0.00393832694309563	0.006205810252439809	-0.009600000000000001
0.0035408895046476143	0.006440854098322395	-0.009575
0.003129477793003287	0.006650478835625243	-0.009550000000000001
0.0027057154622323887	0.006833857171278646	-0.009525
0.002271274908655866	0.006990265394769379	-0.009500000000000001
0.0018278706706616873	0.007119086234295438	-0.009475
0.0013772526622050836	0.007219811292855861	-0.00945
0.0009211992666976398	0.007292043054661412	-0.009425000000000001
0.00046151031854045946	0.007335496453947796	-0.0094
2250288493433262e-33	0.007350000000000001	-0.009375000000000001
-0.00046151031854044846	0.007335496453947796	-0.00935
-0.0009211992666976289	0.007292043054661414	-0.009325
-0.0013772526622050662	0.007219811292855864	-0.009300000000000001
-0.0018278706706616832	0.007119086234295439	-0.009275
-0.0022712749086558617	0.00699026539476938	-0.009250000000000001
-0.0027057154622323783	0.006833857171278651	-0.009225
-0.0031294777930032775	0.006650478835625247	-0.0092
-0.0035408895046475986	0.0064408540983224025	-0.009175
-0.003938326943095626	0.006205810252439811	-0.00915
-0.004320221604349676	0.0059462749086558655	-0.009125000000000001
-0.004685066324652866	0.005663272334402055	-0.0091
-0.0050314212285758565	0.00535791941154738	-0.009075000000000001
-0.005357919411547368	0.0050314212285758695	-0.00905
-0.005663272334402052	0.0046850663246528704	-0.009025
-0.005946274908655863	0.00432022160434968	-0.009000000000000001
-0.006205810252439809	0.00393832694309563	-0.008975
-0.006440854098322395	0.0035408895046476143	-0.008950000000000001
-0.00665047883562524	0.0031294777930032935	-0.008925
-0.006833857171278649	0.0027057154622323835	-0.0089
-0.0069902653947693785	0.0022712749086558665	-0.008875000000000001
-0.007119086234295438	0.001827870670661688	-0.00885
-0.007219811292855861	0.001377252662205084	-0.008825000000000001
-0.0072920430546614115	0.0009211992666976468	-0.0088
-0.007335496453947796	0.00046151031854045345	-0.008775
-0.007350000000000001	27003461921199137e-34	-0.00875
-0.007335496453947796	-0.000461510318540448	-0.008725
-0.007292043054661414	-0.0009211992666976284	-0.008700000000000001
-0.007219811292855864	-0.0013772526622050658	-0.008675
-0.007119086234295439	-0.0018278706706616828	-0.008650000000000001
-0.00699026539476938	-0.0022712749086558613	-0.008625
-0.006833857171278651	-0.002705715462232378	-0.0086
-0.006650478835625247	-0.003129477793003277	-0.008575000000000001
-0.0064408540983224025	-0.003540889504647598	-0.00855
-0.006205810252439811	-0.003938326943095625	-0.008525000000000001
-0.0059462749086558655	-0.004320221604349675	-0.0085
-0.005663272334402055	-0.004685066324652865	-0.008475
-0.005357919411547381	-0.005031421228575856	-0.008450000000000001
-0.0050314212285758695	-0.005357919411547368	-0.008425
-0.0046850663246528704	-0.005663272334402051	-0.008400000000000001
-0.0043202216043496805	-0.005946274908655863	-0.008375
-0.00393832694309563	-0.006205810252439808	-0.008350000000000002
-0.0035408895046476147	-0.006440854098322394	-0.008325
-0.003129477793003294	-0.00665047883562524	-0.0083
-0.0027057154622323956	-0.006833857171278643	-0.008275000000000001
-0.002271274908655867	-0.0069902653947693785	-0.00825
-0.0018278706706616884	-0.007119086234295438	-0.008225000000000001
-0.0013772526622050842	-0.007219811292855861	-0.0082
-0.0009211992666976472	-0.0072920430546614115	-0.008175
-0.0004615103185404669	-0.0073354964539477955	-0.008150000000000001
-31504038908065662e-34	-0.007350000000000001	-0.008125
0.00046151031854044765	-0.007335496453947796	-0.008100000000000001
0.000921199266697628	-0.007292043054661414	-0.008075
0.0013772526622050653	-0.007219811292855864	-0.00805
0.0018278706706616695	-0.0071190862342954435	-0.008025000000000001
0.002271274908655861	-0.006990265394769381	-0.008
0.002705715462232378	-0.006833857171278651	-0.007975000000000001
0.0031294777930032766	-0.006650478835625247	-0.00795
0.0035408895046475978	-0.006440854098322403	-0.007925000000000001
0.0039383269430956136	-0.006205810252439819	-0.0079
0.004320221604349675	-0.0059462749086558655	-0.007875
0.004685066324652865	-0.005663272334402056	-0.007850000000000001
0.005031421228575856	-0.005357919411547381	-0.007825
0.005357919411547367	-0.00503142122857587	-0.0078000000000000005
0.005663272334402042	-0.004685066324652881	-0.007775000000000001
0.005946274908655862	-0.0043202216043496805	-0.007750000000000001
0.006205810252439808	-0.003938326943095631	-0.007725000000000001
0.006440854098322394	-0.003540889504647615	-0.0077
0.00665047883562524	-0.0031294777930032944	-0.007675
0.006833857171278643	-0.002705715462232396	-0.0076500000000000005
0.0069902653947693785	-0.0022712749086558673	-0.007625000000000001
0.007119086234295438	-0.0018278706706616888	-0.007600000000000001
0.007219811292855861	-0.0013772526622050846	-0.007575000000000001
0.0072920430546614115	-0.0009211992666976476	-0.00755
0.0073354964539477955	-0.0004615103185404673	-0.0075250000000000004
0.007350000000000001	-3600461589493219e-33	-0.007500000000000001
0.007335496453947797	0.0004615103185404471	-0.007475000000000001
0.007292043054661414	0.0009211992666976273	-0.007450000000000001
0.007219811292855864	0.001377252662205065	-0.007425000000000001
0.0071190862342954435	0.0018278706706616693	-0.0074
0.006990265394769381	0.0022712749086558604	-0.0073750000000000005
0.006833857171278651	0.0027057154622323774	-0.007350000000000001
0.006650478835625247	0.003129477793003276	-0.007325000000000001
0.006440854098322403	0.0035408895046475973	-0.007300000000000001
0.006205810252439819	0.0039383269430956136	-0.007275000000000001
0.005946274908655866	0.004320221604349674	-0.00725
0.005663272334402056	0.004685066324652865	-0.0072250000000000005
0.005357919411547381	0.005031421228575856	-0.007200000000000001
0.00503142122857587	0.005357919411547367	-0.007175000000000001
0.004685066324652881	0.005663272334402042	-0.007150000000000001
0.004320221604349681	0.005946274908655862	-0.007125
0.003938326943095631	0.006205810252439808	-0.0071
0.0035408895046476156	0.006440854098322394	-0.0070750000000000006
0.003129477793003295	0.006650478835625239	-0.007050000000000001
0.002705715462232397	0.006833857171278643	-0.007025000000000001
0.0022712749086558678	0.0069902653947693785	-0.007000000000000001
0.0018278706706616893	0.007119086234295437	-0.006975
0.001377252662205085	0.007219811292855861	-0.0069500000000000004
0.0009211992666976481	0.0072920430546614115	-0.006925000000000001
0.0004615103185404678	0.0073354964539477955	-0.006900000000000001
4050519288179871e-33	0.007350000000000001	-0.006875000000000001
-0.0004615103185404467	0.007335496453947797	-0.006850000000000001
-0.000921199266697627	0.007292043054661414	-0.006825
-0.0013772526622050645	0.007219811292855864	-0.0068000000000000005
-0.0018278706706616689	0.0071190862342954435	-0.006775000000000001
-0.00227127490865586	0.006990265394769381	-0.006750000000000001
-0.002705715462232377	0.0068338571712786515	-0.006725000000000001
-0.0031294777930032758	0.006650478835625248	-0.006700000000000001
-0.003540889504647597	0.006440854098322403	-0.006675
-0.0039383269430956136	0.00620581025243982	-0.0066500000000000005
-0.004320221604349674	0.005946274908655866	-0.006625000000000001
-0.004685066324652864	0.005663272334402056	-0.006600000000000001
-0.005031421228575856	0.005357919411547382	-0.006575000000000001
-0.005357919411547367	0.00503142122857587	-0.00655
-0.005663272334402042	0.004685066324652882	-0.006525
-0.005946274908655862	0.004320221604349681	-0.006500000000000001
-0.006205810252439807	0.003938326943095632	-0.006475000000000001
-0.006440854098322393	0.003540889504647616	-0.006450000000000001
-0.006650478835625239	0.0031294777930032953	-0.006425000000000001
-0.006833857171278643	0.002705715462232397	-0.0064
-0.0069902653947693785	0.002271274908655868	-0.0063750000000000005
-0.007119086234295437	0.0018278706706616897	-0.006350000000000001
-0.007219811292855861	0.0013772526622050857	-0.006325000000000001
-0.0072920430546614115	0.0009211992666976484	-0.006300000000000001
-0.0073354964539477955	0.00046151031854046824	-0.006275000000000001
-0.007350000000000001	4500576986866524e-33	-0.00625
-0.007335496453947797	-0.0004615103185404462	-0.0062250000000000005
-0.007292043054661414	-0.0009211992666976266	-0.006200000000000001
-0.007219811292855864	-0.0013772526622050638	-0.006175000000000001
-0.0071190862342954435	-0.0018278706706616682	-0.006150000000000001
-0.0069902653947693846	-0.002271274908655847	-0.006125
-0.006833857171278656	-0.002705715462232364	-0.0061
-0.006650478835625254	-0.0031294777930032636	-0.0060750000000000005
-0.006440854098322398	-0.0035408895046476077	-0.006050000000000001
-0.006205810252439812	-0.003938326943095623	-0.006025000000000001
-0.005946274908655866	-0.0043202216043496736	-0.006000000000000001
-0.005663272334402056	-0.004685066324652864	-0.005975
-0.005357919411547382	-0.005031421228575856	-0.00595
-0.005031421228575871	-0.0053579194115473665	-0.005925000000000001
-0.004685066324652882	-0.005663272334402042	-0.005900000000000001
-0.004320221604349693	-0.005946274908655853	-0.005875000000000001
-0.003938326943095643	-0.006205810252439801	-0.005850000000000001
-0.003540889504647628	-0.006440854098322387	-0.005825
-0.003129477793003284	-0.006650478835625245	-0.0058000000000000005
-0.002705715462232385	-0.006833857171278648	-0.005775000000000001
-0.0022712749086558686	-0.0069902653947693785	-0.005750000000000001
-0.0018278706706616901	-0.007119086234295437	-0.005725000000000001
-0.0013772526622050862	-0.007219811292855861	-0.005700000000000001
-0.000921199266697649	-0.0072920430546614115	-0.005675
-0.00046151031854046873	-0.0073354964539477955	-0.0056500000000000005
-18006857455145015e-33	-0.007350000000000001	-0.005625000000000001
0.00046151031854043274	-0.007335496453947798	-0.005600000000000001
0.0009211992666976131	-0.007292043054661416	-0.005575000000000001
0.0013772526622050764	-0.007219811292855862	-0.00555
0.0018278706706616804	-0.00711908623429544	-0.005525
0.002271274908655859	-0.006990265394769381	-0.0055000000000000005
0.002705715462232376	-0.0068338571712786515	-0.005475000000000001
0.003129477793003275	-0.006650478835625248	-0.005450000000000001
0.003540889504647596	-0.006440854098322404	-0.005425000000000001
0.003938326943095613	-0.00620581025243982	-0.0054
0.004320221604349663	-0.005946274908655875	-0.0053750000000000004
0.004685066324652854	-0.005663272334402065	-0.005350000000000001
0.005031421228575844	-0.005357919411547391	-0.005325000000000001
0.005357919411547375	-0.0050314212285758626	-0.005300000000000001
0.00566327233440205	-0.004685066324652871	-0.005275000000000001
0.005946274908655861	-0.004320221604349682	-0.00525
0.006205810252439807	-0.003938326943095633	-0.0052250000000000005
0.006440854098322393	-0.003540889504647617	-0.005200000000000001
0.006650478835625239	-0.003129477793003296	-0.005175000000000001
0.006833857171278642	-0.0027057154622323982	-0.005150000000000001
0.006990265394769373	-0.002271274908655881	-0.005125000000000001
0.007119086234295434	-0.0018278706706617031	-0.0051
0.007219811292855858	-0.0013772526622050994	-0.0050750000000000005
0.007292043054661413	-0.0009211992666976363	-0.005050000000000001
0.007335496453947796	-0.0004615103185404561	-0.005025000000000001
0.007350000000000001	-54006923842398274e-34	-0.005000000000000001
0.007335496453947797	0.00046151031854044537	-0.004975
0.007292043054661414	0.0009211992666976257	-0.00495
0.007219811292855865	0.0013772526622050632	-0.0049250000000000006
0.0071190862342954435	0.0018278706706616674	-0.004900000000000001
0.0069902653947693846	0.002271274908655846	-0.004875000000000001
0.006833857171278656	0.0027057154622323635	-0.004850000000000001
0.006650478835625254	0.0031294777930032627	-0.004825
0.006440854098322398	0.0035408895046476073	-0.0048000000000000004
0.006205810252439813	0.003938326943095623	-0.004775000000000001
0.005946274908655867	0.004320221604349673	-0.004750000000000001
0.005663272334402056	0.0046850663246528635	-0.004725000000000001
0.005357919411547383	0.005031421228575855	-0.004700000000000001
0.005031421228575872	0.005357919411547366	-0.004675
0.004685066324652883	0.005663272334402041	-0.0046500000000000005
0.004320221604349693	0.0059462749086558525	-0.004625000000000001
0.003938326943095644	0.0062058102524398	-0.004600000000000001
0.0035408895046476286	0.006440854098322387	-0.004575000000000001
0.003129477793003285	0.006650478835625244	-0.00455
0.002705715462232386	0.006833857171278647	-0.004525
0.002271274908655869	0.006990265394769378	-0.0045000000000000005
0.001827870670661691	0.007119086234295437	-0.004475000000000001
0.001377252662205087	0.007219811292855861	-0.004450000000000001
0.0009211992666976498	0.0072920430546614115	-0.004425000000000001
0.00046151031854046955	0.0073354964539477955	-0.0044
18906972852518324e-33	0.007350000000000001	-0.004375
-0.0004615103185404318	0.007335496453947798	-0.004350000000000001
-0.0009211992666976123	0.007292043054661416	-0.004325000000000001
-0.0013772526622050755	0.007219811292855862	-0.004300000000000001
-0.0018278706706616797	0.00711908623429544	-0.004275000000000001
-0.0022712749086558582	0.006990265394769381	-0.00425
-0.0027057154622323752	0.0068338571712786515	-0.0042250000000000005
-0.003129477793003274	0.006650478835625248	-0.004200000000000001
-0.003540889504647595	0.006440854098322404	-0.004175000000000001
-0.003938326943095612	0.00620581025243982	-0.004150000000000001
-0.004320221604349662	0.005946274908655876	-0.004125000000000001
-0.004685066324652853	0.0056632723344020655	-0.0041
-0.005031421228575844	0.005357919411547392	-0.0040750000000000005
-0.005357919411547357	0.0050314212285758825	-0.004050000000000001
-0.005663272334402049	0.004685066324652872	-0.004025000000000001
-0.00594627490865586	0.004320221604349683	-0.004000000000000001
-0.006205810252439806	0.0039383269430956335	-0.003975
-0.006440854098322392	0.0035408895046476177	-0.00395
-0.006650478835625238	0.003129477793003297	-0.0039250000000000005
-0.006833857171278642	0.0027057154622323987	-0.0039000000000000007
-0.006990265394769373	0.002271274908655882	-0.003875000000000001
-0.007119086234295434	0.001827870670661704	-0.0038500000000000006
-0.007219811292855858	0.0013772526622051003	-0.0038250000000000007
-0.007292043054661409	0.0009211992666976633	-0.003800000000000001
-0.007335496453947796	0.000461510318540457	-0.0037750000000000006
-0.007350000000000001	63008077816131325e-34	-0.0037500000000000007
-0.007335496453947797	-0.00046151031854044445	-0.0037250000000000004
-0.007292043054661414	-0.0009211992666976247	-0.0037000000000000006
-0.007219811292855865	-0.0013772526622050623	-0.0036750000000000007
-0.007119086234295444	-0.0018278706706616665	-0.0036500000000000005
-0.006990265394769385	-0.0022712749086558452	-0.0036250000000000006
-0.006833857171278656	-0.0027057154622323627	-0.0036000000000000008
-0.006650478835625254	-0.003129477793003262	-0.0035750000000000005
-0.006440854098322411	-0.0035408895046475835	-0.0035500000000000006
-0.006205810252439814	-0.003938326943095622	-0.003525000000000001
-0.005946274908655867	-0.004320221604349673	-0.0035000000000000005
-0.005663272334402057	-0.004685066324652863	-0.0034750000000000007
-0.005357919411547384	-0.005031421228575854	-0.003450000000000001
-0.005031421228575872	-0.005357919411547366	-0.0034250000000000005
-0.0046850663246528835	-0.00566327233440204	-0.0034000000000000007
-0.0043202216043496935	-0.0059462749086558525	-0.003375000000000001
-0.003938326943095645	-0.006205810252439799	-0.0033500000000000005
-0.0035408895046476294	-0.006440854098322386	-0.0033250000000000007
-0.003129477793003309	-0.006650478835625232	-0.003300000000000001
-0.002705715462232387	-0.006833857171278647	-0.0032750000000000006
-0.00227127490865587	-0.006990265394769378	-0.0032500000000000007
-0.0018278706706616919	-0.007119086234295437	-0.0032250000000000004
-0.0013772526622050877	-0.007219811292855861	-0.0032000000000000006
-0.0009211992666976507	-0.007292043054661411	-0.0031750000000000007
-0.00046151031854047047	-0.0073354964539477955	-0.0031500000000000005
-19807088249891626e-33	-0.007350000000000001	-0.0031250000000000006
0.000461510318540431	-0.007335496453947798	-0.0031000000000000008
0.0009211992666976115	-0.007292043054661416	-0.0030750000000000005
0.001377252662205049	-0.007219811292855868	-0.0030500000000000006
0.0018278706706616789	-0.007119086234295441	-0.0030250000000000008
0.0022712749086558574	-0.006990265394769381	-0.0030000000000000005
0.0027057154622323744	-0.006833857171278652	-0.0029750000000000006
0.003129477793003273	-0.006650478835625249	-0.002950000000000001
0.0035408895046475947	-0.006440854098322405	-0.0029250000000000005
0.003938326943095611	-0.00620581025243982	-0.0029000000000000007
0.004320221604349661	-0.005946274908655876	-0.002875000000000001
0.004685066324652852	-0.005663272334402066	-0.0028500000000000005
0.0050314212285758435	-0.005357919411547393	-0.0028250000000000007
0.005357919411547356	-0.0050314212285758825	-0.002800000000000001
0.005663272334402048	-0.004685066324652873	-0.0027750000000000006
0.00594627490865586	-0.004320221604349684	-0.0027500000000000007
0.006205810252439806	-0.0039383269430956335	-0.002725000000000001
0.006440854098322392	-0.0035408895046476186	-0.0027000000000000006
0.006650478835625238	-0.003129477793003298	-0.0026750000000000007
0.006833857171278642	-0.0027057154622323995	-0.0026500000000000004
0.006990265394769373	-0.002271274908655883	-0.0026250000000000006
0.007119086234295433	-0.0018278706706617049	-0.0026000000000000007
0.007219811292855858	-0.0013772526622051013	-0.0025750000000000005
0.007292043054661409	-0.0009211992666976641	-0.0025500000000000006
0.007335496453947796	-0.00046151031854045795	-0.0025250000000000008
0.007350000000000001	-7200923178986438e-33	-0.0025000000000000005
0.007335496453947797	0.0004615103185404435	-0.0024750000000000006
0.007292043054661415	0.000921199266697624	-0.002450000000000001
0.007219811292855865	0.0013772526622050612	-0.0024250000000000005
0.007119086234295444	0.0018278706706616658	-0.0024000000000000007
0.006990265394769385	0.0022712749086558444	-0.002375000000000001
0.006833857171278657	0.002705715462232362	-0.0023500000000000005
0.006650478835625255	0.003129477793003261	-0.0023250000000000007
0.006440854098322412	0.0035408895046475826	-0.002300000000000001
0.006205810252439814	0.003938326943095621	-0.0022750000000000005
0.005946274908655868	0.004320221604349672	-0.0022500000000000007
0.005663272334402058	0.004685066324652862	-0.002225000000000001
0.005357919411547385	0.005031421228575853	-0.0022000000000000006
0.005031421228575873	0.005357919411547365	-0.0021750000000000007
0.004685066324652884	0.00566327233440204	-0.0021500000000000004
0.004320221604349694	0.005946274908655852	-0.0021250000000000006
0.003938326943095646	0.006205810252439799	-0.0021000000000000007
0.0035408895046476303	0.006440854098322386	-0.0020750000000000005
0.00312947779300331	0.006650478835625232	-0.0020500000000000006
0.002705715462232388	0.006833857171278646	-0.0020250000000000008
0.002271274908655871	0.006990265394769378	-0.0020000000000000005
0.0018278706706616927	0.0071190862342954365	-0.0019750000000000006
0.0013772526622050888	0.007219811292855861	-0.0019500000000000006
0.0009211992666976516	0.007292043054661411	-0.0019250000000000007
0.0004615103185404714	0.0073354964539477955	-0.0019000000000000006
20707203647264934e-33	0.007350000000000001	-0.0018750000000000006
-0.0004615103185404301	0.007335496453947798	-0.0018500000000000007
-0.0009211992666976104	0.007292043054661417	-0.0018250000000000007
-0.001377252662205048	0.007219811292855868	-0.0018000000000000006
-0.0018278706706616778	0.007119086234295441	-0.0017750000000000008
-0.002271274908655856	0.006990265394769381	-0.0017500000000000007
-0.0027057154622323735	0.006833857171278652	-0.0017250000000000006
-0.0031294777930032723	0.006650478835625249	-0.0017000000000000006
-0.003540889504647594	0.006440854098322405	-0.0016750000000000007
-0.00393832694309561	0.006205810252439821	-0.0016500000000000006
-0.0043202216043496606	0.005946274908655877	-0.0016250000000000006
-0.004685066324652852	0.005663272334402066	-0.0016000000000000007
-0.005031421228575843	0.0053579194115473934	-0.0015750000000000007
-0.005357919411547356	0.005031421228575883	-0.0015500000000000006
-0.005663272334402048	0.004685066324652874	-0.0015250000000000007
-0.005946274908655859	0.004320221604349685	-0.0015000000000000007
-0.006205810252439806	0.003938326943095634	-0.0014750000000000006
-0.006440854098322391	0.0035408895046476195	-0.0014500000000000006
-0.006650478835625237	0.0031294777930032987	-0.0014250000000000007
-0.006833857171278641	0.0027057154622324004	-0.0014000000000000006
-0.006990265394769372	0.002271274908655884	-0.0013750000000000006
-0.007119086234295433	0.0018278706706617057	-0.0013500000000000007
-0.007219811292855858	0.001377252662205102	-0.0013250000000000007
-0.007292043054661409	0.000921199266697665	-0.0013000000000000006
-0.007335496453947795	0.00046151031854048483	-0.0012750000000000007
-0.007350000000000001	8101038576359743e-33	-0.0012500000000000007
-0.007335496453947797	-0.0004615103185404426	-0.0012250000000000006
-0.007292043054661415	-0.0009211992666976231	-0.0012000000000000005
-0.007219811292855865	-0.0013772526622050604	-0.0011750000000000007
-0.007119086234295444	-0.0018278706706616648	-0.0011500000000000006
-0.006990265394769385	-0.0022712749086558435	-0.0011250000000000006
-0.006833857171278657	-0.002705715462232361	-0.0011000000000000007
-0.006650478835625255	-0.00312947779300326	-0.0010750000000000007
-0.006440854098322412	-0.0035408895046475817	-0.0010500000000000006
-0.0062058102524398286	-0.003938326943095599	-0.0010250000000000007
-0.005946274908655869	-0.004320221604349672	-0.0010000000000000007
-0.005663272334402058	-0.004685066324652861	-0.0009750000000000006
-0.005357919411547385	-0.005031421228575852	-0.0009500000000000006
-0.005031421228575874	-0.005357919411547364	-0.0009250000000000007
-0.004685066324652884	-0.0056632723344020395	-0.0009000000000000006
-0.004320221604349695	-0.005946274908655852	-0.0008750000000000007
-0.0039383269430956465	-0.006205810252439798	-0.0008500000000000006
-0.0035408895046476307	-0.006440854098322385	-0.0008250000000000006
-0.003129477793003311	-0.006650478835625232	-0.0008000000000000007
-0.002705715462232413	-0.006833857171278637	-0.0007750000000000006
-0.0022712749086558717	-0.006990265394769377	-0.0007500000000000007
-0.0018278706706616936	-0.0071190862342954365	-0.0007250000000000006
-0.0013772526622050896	-0.00721981129285586	-0.0007000000000000006
-0.0009211992666976525	-0.007292043054661411	-0.0006750000000000007
-0.0004615103185404723	-0.0073354964539477955	-0.0006500000000000006
-21607319044638236e-33	-0.007350000000000001	-0.0006250000000000007
0.00046151031854042916	-0.007335496453947798	-0.0006000000000000006
0.0009211992666976097	-0.007292043054661417	-0.0005750000000000006
0.0013772526622050471	-0.007219811292855868	-0.0005500000000000007
0.0018278706706616518	-0.007119086234295447	-0.0005250000000000006
0.002271274908655855	-0.006990265394769382	-0.0005000000000000007
0.0027057154622323726	-0.006833857171278653	-0.00047500000000000065
0.003129477793003272	-0.00665047883562525	-0.00045000000000000064
0.0035408895046475934	-0.006440854098322406	-0.0004250000000000006
0.003938326943095609	-0.006205810252439822	-0.0004000000000000006
0.00432022160434966	-0.005946274908655877	-0.00037500000000000066
0.004685066324652851	-0.005663272334402067	-0.00035000000000000065
0.005031421228575842	-0.0053579194115473934	-0.00032500000000000064
0.005357919411547355	-0.005031421228575883	-0.0003000000000000006
0.005663272334402031	-0.004685066324652895	-0.0002750000000000006
0.0059462749086558585	-0.004320221604349686	-0.00025000000000000066
0.006205810252439806	-0.003938326943095635	-0.00022500000000000064
0.006440854098322391	-0.00354088950464762	-0.00020000000000000063
0.006650478835625237	-0.0031294777930032996	-0.00017500000000000065
0.006833857171278641	-0.0027057154622324013	-0.00015000000000000064
0.006990265394769372	-0.0022712749086558847	-0.00012500000000000063
0.007119086234295433	-0.0018278706706617068	-0.00010000000000000064
0.007219811292855857	-0.0013772526622051029	-7500000000000063e-20
0.007292043054661409	-0.000921199266697666	-5000000000000064e-20
0.007335496453947795	-0.00046151031854048575	-25000000000000638e-21
0.007350000000000001	-9001153973733048e-33	-6367476839765038e-34
0.007335496453947797	0.00046151031854044174	24999999999999364e-21
0.007292043054661415	0.0009211992666976221	49999999999999365e-21
0.007219811292855866	0.0013772526622050597	7499999999999937e-20
0.007119086234295444	0.001827870670661664	9999999999999937e-20
0.006990265394769386	0.0022712749086558426	0.00012499999999999935
0.0068338571712786575	0.00270571546223236	0.00014999999999999936
0.006650478835625256	0.0031294777930032593	0.00017499999999999937
0.006440854098322413	0.0035408895046475813	0.00019999999999999936
0.0062058102524398286	0.003938326943095598	0.00022499999999999937
0.005946274908655885	0.004320221604349649	0.00024999999999999935
0.005663272334402059	0.004685066324652861	0.00027499999999999937
0.005357919411547403	0.005031421228575832	0.0002999999999999994
0.005031421228575875	0.005357919411547364	0.0003249999999999994
0.004685066324652905	0.005663272334402022	0.00034999999999999935
0.004320221604349696	0.005946274908655852	0.00037499999999999936
0.003938326943095624	0.006205810252439812	0.00039999999999999937
0.0035408895046476316	0.006440854098322385	0.0004249999999999994
0.003129477793003288	0.006650478835625242	0.0004499999999999994
0.002705715462232414	0.006833857171278637	0.00047499999999999935
0.0022712749086558725	0.006990265394769377	0.0004999999999999994
0.0018278706706617198	0.0071190862342954304	0.0005249999999999993
0.0013772526622050905	0.00721981129285586	0.0005499999999999994
0.0009211992666976792	0.007292043054661407	0.0005749999999999993
0.00046151031854047323	0.007335496453947795	0.0005999999999999994
-3605011097172143e-33	0.007350000000000001	0.0006249999999999994
-0.00046151031854042824	0.007335496453947798	0.0006499999999999993
-0.0009211992666976347	0.007292043054661413	0.0006749999999999994
-0.0013772526622050463	0.0072198112928558685	0.0006999999999999993
-0.0018278706706616763	0.007119086234295442	0.0007249999999999994
-0.0022712749086558296	0.006990265394769391	0.0007499999999999994
-0.0027057154622323718	0.006833857171278653	0.0007749999999999993
-0.003129477793003247	0.006650478835625261	0.0007999999999999994
-0.0035408895046475926	0.006440854098322406	0.0008249999999999993
-0.003938326943095587	0.0062058102524398355	0.0008499999999999994
-0.004320221604349659	0.005946274908655878	0.0008749999999999994
-0.0046850663246528704	0.005663272334402051	0.0008999999999999993
-0.005031421228575842	0.005357919411547394	0.0009249999999999994
-0.005357919411547372	0.005031421228575866	0.0009499999999999993
-0.00566327233440203	0.004685066324652896	0.0009749999999999994
-0.0059462749086558585	0.004320221604349686	0.0009999999999999994
-0.006205810252439791	0.003938326943095658	0.0010249999999999994
-0.00644085409832239	0.0035408895046476208	0.0010499999999999993
-0.006650478835625226	0.003129477793003324	0.0010749999999999994
-0.006833857171278641	0.002705715462232402	0.0010999999999999994
-0.006990265394769381	0.002271274908655861	0.0011249999999999993
-0.007119086234295433	0.0018278706706617075	0.0011499999999999993
-0.0072198112928558615	0.0013772526622050781	0.0011749999999999994
-0.007292043054661409	0.0009211992666976668	0.0011999999999999995
-0.0073354964539477955	0.0004615103185404606	0.0012249999999999993
-0.007350000000000001	3601371491029003e-32	0.0012499999999999994
-0.007335496453947797	-0.00046151031854044087	0.0012749999999999994
-0.0072920430546614175	-0.0009211992666975954	0.0012999999999999993
-0.007219811292855866	-0.0013772526622050586	0.0013249999999999994
-0.007119086234295451	-0.0018278706706616379	0.0013499999999999994
-0.006990265394769386	-0.0022712749086558418	0.0013749999999999993
-0.006833857171278648	-0.002705715462232384	0.0013999999999999993
-0.006650478835625256	-0.0031294777930032584	0.0014249999999999994
-0.006440854098322401	-0.0035408895046476034	0.0014499999999999995
-0.006205810252439829	-0.003938326943095597	0.0014749999999999993
-0.00594627490865587	-0.00432022160434967	0.0014999999999999994
-0.005663272334402076	-0.00468506632465284	0.0015249999999999994
-0.005357919411547386	-0.005031421228575851	0.0015499999999999993
-0.005031421228575895	-0.005357919411547345	0.0015749999999999994
-0.004685066324652885	-0.005663272334402039	0.0015999999999999994
-0.004320221604349718	-0.005946274908655835	0.0016249999999999993
-0.003938326943095647	-0.006205810252439797	0.0016499999999999993
-0.0035408895046476095	-0.006440854098322397	0.0016749999999999994
-0.0031294777930033126	-0.006650478835625231	0.0016999999999999995
-0.0027057154622323904	-0.006833857171278645	0.0017249999999999993
-0.002271274908655898	-0.006990265394769368	0.0017499999999999994
-0.0018278706706616953	-0.007119086234295436	0.0017749999999999995
-0.0013772526622051172	-0.007219811292855855	0.0017999999999999993
-0.0009211992666976543	-0.007292043054661411	0.0018249999999999994
-0.0004615103185405002	-0.007335496453947793	0.0018499999999999994
-23407549839384846e-33	-0.007350000000000001	0.0018749999999999993
0.00046151031854045345	-0.007335496453947796	0.0018999999999999993
0.0009211992666976078	-0.007292043054661417	0.0019249999999999994
0.001377252662205071	-0.007219811292855863	0.0019499999999999995
0.00182787067066165	-0.007119086234295448	0.0019749999999999993
0.002271274908655854	-0.006990265394769382	0.001999999999999999
0.0027057154622323466	-0.006833857171278663	0.0020249999999999995
0.00312947779300327	-0.006650478835625251	0.0020499999999999993
0.0035408895046475687	-0.006440854098322419	0.0020749999999999996
0.0039383269430956075	-0.0062058102524398225	0.0020999999999999994
0.004320221604349638	-0.005946274908655893	0.0021249999999999993
0.00468506632465285	-0.005663272334402068	0.0021499999999999996
0.00503142122857586	-0.005357919411547377	0.0021749999999999994
0.0053579194115473535	-0.005031421228575885	0.0021999999999999993
0.005663272334402046	-0.004685066324652876	0.0022249999999999995
0.005946274908655842	-0.004320221604349707	0.0022499999999999994
0.006205810252439804	-0.003938326943095636	0.0022749999999999992
0.006440854098322377	-0.003540889504647644	0.0022999999999999995
0.006650478835625236	-0.003129477793003301	0.0023249999999999994
0.006833857171278631	-0.002705715462232427	0.0023499999999999992
0.0069902653947693716	-0.0022712749086558864	0.0023749999999999995
0.007119086234295439	-0.0018278706706616832	0.0023999999999999994
0.007219811292855857	-0.0013772526622051048	0.002424999999999999
0.007292043054661412	-0.0009211992666976419	0.0024499999999999995
0.007335496453947794	-0.0004615103185404876	0.0024749999999999993
0.007350000000000001	-10801384768479655e-33	0.002499999999999999
0.007335496453947799	0.00046151031854041387	0.0025249999999999995
0.007292043054661415	0.0009211992666976203	0.0025499999999999993
0.007219811292855871	0.0013772526622050322	0.002574999999999999
0.007119086234295444	0.0018278706706616624	0.0025999999999999994
0.006990265394769395	0.002271274908655816	0.0026249999999999993
0.006833857171278658	0.0027057154622323583	0.0026499999999999996
0.006650478835625246	0.0031294777930032814	0.0026749999999999994
0.006440854098322414	0.00354088950464758	0.0026999999999999993
0.0062058102524398156	0.003938326943095619	0.0027249999999999996
0.005946274908655886	0.0043202216043496475	0.0027499999999999994
0.0056632723344020594	0.004685066324652859	0.0027749999999999993
0.005357919411547404	0.005031421228575831	0.0027999999999999995
0.005031421228575876	0.005357919411547362	0.0028249999999999994
0.004685066324652907	0.005663272334402021	0.0028499999999999992
0.004320221604349698	0.00594627490865585	0.0028749999999999995
0.003938326943095626	0.006205810252439811	0.0028999999999999994
0.0035408895046476333	0.006440854098322384	0.002924999999999999
0.0031294777930032896	0.006650478835625242	0.0029499999999999995
0.0027057154622324156	0.006833857171278636	0.0029749999999999993
0.0022712749086558747	0.006990265394769376	0.002999999999999999
0.0018278706706617214	0.00711908623429543	0.0030249999999999995
0.0013772526622050922	0.00721981129285586	0.0030499999999999993
0.000921199266697681	0.007292043054661407	0.003074999999999999
0.00046151031854047497	0.007335496453947795	0.0030999999999999995
50420110775941835e-33	0.007350000000000001	0.0031249999999999993
-0.0004615103185404265	0.007335496453947798	0.0031499999999999996
-0.0009211992666976329	0.007292043054661413	0.0031749999999999994
-0.0013772526622050445	0.0072198112928558685	0.0031999999999999993
-0.0018278706706616743	0.007119086234295442	0.0032249999999999996
-0.002271274908655828	0.0069902653947693915	0.0032499999999999994
-0.0027057154622323705	0.006833857171278654	0.0032749999999999993
-0.0031294777930032454	0.006650478835625262	0.0032999999999999995
-0.003540889504647591	0.006440854098322407	0.0033249999999999994
-0.003938326943095585	0.006205810252439837	0.0033499999999999992
-0.004320221604349658	0.0059462749086558785	0.0033749999999999995
-0.00468506632465287	0.0056632723344020525	0.0033999999999999994
-0.005031421228575841	0.005357919411547396	0.0034249999999999992
-0.005357919411547371	0.005031421228575867	0.0034499999999999995
-0.005663272334402029	0.004685066324652897	0.0034749999999999994
-0.005946274908655858	0.004320221604349687	0.003499999999999999
-0.00620581025243979	0.0039383269430956595	0.0035249999999999995
-0.0064408540983223895	0.003540889504647622	0.0035499999999999993
-0.006650478835625225	0.0031294777930033256	0.003574999999999999
-0.006833857171278641	0.002705715462232404	0.0035999999999999995
-0.006990265394769364	0.002271274908655912	0.0036249999999999993
-0.007119086234295432	0.0018278706706617092	0.003649999999999999
-0.0072198112928558615	0.0013772526622050799	0.0036749999999999994
-0.007292043054661409	0.0009211992666976687	0.0036999999999999993
-0.0073354964539477955	0.0004615103185404624	0.0037249999999999996
-0.007350000000000001	3781394570503665e-32	0.0037499999999999994
-0.007335496453947797	-0.0004615103185404391	0.0037749999999999993
-0.0072920430546614175	-0.0009211992666975935	0.0037999999999999996
-0.007219811292855866	-0.0013772526622050569	0.0038249999999999994
-0.007119086234295451	-0.001827870670661636	0.0038499999999999993
-0.006990265394769387	-0.0022712749086558405	0.0038749999999999995
-0.006833857171278649	-0.002705715462232382	0.0038999999999999994
-0.006650478835625257	-0.003129477793003257	0.003925
-0.006440854098322401	-0.0035408895046476017	0.0039499999999999995
-0.00620581025243983	-0.003938326943095595	0.003974999999999999
-0.005946274908655871	-0.004320221604349668	0.003999999999999999
-0.005663272334402078	-0.004685066324652838	0.004024999999999999
-0.0053579194115473865	-0.0050314212285758496	0.00405
-0.0050314212285758955	-0.005357919411547343	0.004075
-0.004685066324652887	-0.005663272334402037	0.0040999999999999995
-0.0043202216043497195	-0.005946274908655834	0.004124999999999999
-0.003938326943095648	-0.0062058102524397965	0.004149999999999999
-0.003540889504647611	-0.006440854098322396	0.004174999999999999
-0.003129477793003314	-0.00665047883562523	0.0042
-0.0027057154622323917	-0.0068338571712786445	0.004225
-0.0022712749086559	-0.006990265394769367	0.0042499999999999994
-0.0018278706706616973	-0.007119086234295436	0.004274999999999999
-0.0013772526622051187	-0.007219811292855855	0.004299999999999999
-0.0009211992666976562	-0.007292043054661411	0.004324999999999999
-0.000461510318540502	-0.007335496453947793	0.00435
-25207780634131456e-33	-0.007350000000000001	0.0043749999999999995
0.0004615103185403995	-0.0073354964539478	0.004399999999999999
0.000921199266697606	-0.007292043054661417	0.004424999999999999
0.0013772526622050692	-0.007219811292855863	0.004449999999999999
0.0018278706706616483	-0.007119086234295448	0.004475
0.002271274908655852	-0.006990265394769383	0.0045
0.002705715462232345	-0.006833857171278664	0.0045249999999999995
0.0031294777930032684	-0.006650478835625252	0.004549999999999999
0.003540889504647567	-0.00644085409832242	0.004574999999999999
0.003938326943095606	-0.006205810252439823	0.004599999999999999
0.004320221604349636	-0.005946274908655894	0.004625
0.004685066324652848	-0.00566327233440207	0.00465
0.005031421228575859	-0.005357919411547379	0.0046749999999999995
0.005357919411547353	-0.005031421228575886	0.004699999999999999
0.005663272334402045	-0.004685066324652877	0.004724999999999999
0.005946274908655841	-0.004320221604349709	0.004749999999999999
0.006205810252439803	-0.003938326943095638	0.004775
0.0064408540983223765	-0.003540889504647646	0.0048
0.006650478835625235	-0.0031294777930033026	0.004824999999999999
0.00683385717127863	-0.0027057154622324286	0.004849999999999999
0.0069902653947693716	-0.002271274908655888	0.004874999999999999
0.007119086234295426	-0.0018278706706617355	0.004899999999999999
0.007219811292855857	-0.0013772526622051065	0.004925
0.0072920430546614115	-0.0009211992666976435	0.0049499999999999995
0.007335496453947794	-0.00046151031854048933	0.004974999999999999
0.007350000000000001	-12601615563226265e-33	0.004999999999999999
0.007335496453947799	0.00046151031854041214	0.005024999999999999
0.007292043054661415	0.0009211992666976187	0.00505
0.007219811292855871	0.0013772526622050304	0.005075
0.007119086234295444	0.0018278706706616604	0.0050999999999999995
0.006990265394769395	0.0022712749086558144	0.005124999999999999
0.006833857171278658	0.002705715462232357	0.005149999999999999
0.006650478835625246	0.0031294777930032797	0.005174999999999999
0.006440854098322415	0.0035408895046475783	0.0052
0.006205810252439817	0.003938326943095617	0.005225
0.005946274908655887	0.004320221604349646	0.0052499999999999995
0.005663272334402061	0.004685066324652857	0.005274999999999999
0.005357919411547406	0.00503142122857583	0.005299999999999999
0.005031421228575877	0.0053579194115473605	0.005324999999999999
0.004685066324652908	0.0056632723344020195	0.00535
0.004320221604349699	0.005946274908655849	0.005375
0.003938326943095672	0.006205810252439782	0.005399999999999999
0.003540889504647635	0.006440854098322383	0.005424999999999999
0.0031294777930032914	0.006650478835625241	0.005449999999999999
0.0027057154622324173	0.006833857171278635	0.005474999999999999
0.002271274908655876	0.006990265394769375	0.0055
0.0018278706706617233	0.00711908623429543	0.0055249999999999995
0.0013772526622050942	0.007219811292855859	0.005549999999999999
0.0009211992666976829	0.007292043054661406	0.005574999999999999
0.0004615103185404768	0.007335496453947795	0.005599999999999999
52220341570688445e-33	0.007350000000000001	0.005625
-0.00046151031854042466	0.007335496453947798	0.00565
-0.000921199266697631	0.007292043054661413	0.0056749999999999995
-0.0013772526622050428	0.0072198112928558685	0.005699999999999999
-0.0018278706706616728	0.007119086234295443	0.005724999999999999
-0.0022712749086558266	0.0069902653947693915	0.005749999999999999
-0.0027057154622323687	0.006833857171278655	0.005775
-0.003129477793003244	0.006650478835625263	0.0058
-0.003540889504647589	0.006440854098322408	0.0058249999999999994
-0.003938326943095583	0.006205810252439838	0.005849999999999999
-0.004320221604349657	0.005946274908655879	0.005874999999999999
-0.004685066324652828	0.005663272334402086	0.005899999999999999
-0.005031421228575839	0.005357919411547397	0.005925
-0.00535791941154737	0.005031421228575869	0.0059499999999999996
-0.005663272334402028	0.004685066324652898	0.005974999999999999
-0.005946274908655856	0.004320221604349688	0.005999999999999999
-0.006205810252439789	0.003938326943095661	0.006024999999999999
-0.006440854098322389	0.003540889504647624	0.00605
-0.006650478835625224	0.0031294777930033274	0.006075
-0.00683385717127864	0.0027057154622324056	0.0060999999999999995
-0.006990265394769363	0.0022712749086559137	0.006124999999999999
-0.007119086234295432	0.001827870670661711	0.006149999999999999
-0.007219811292855861	0.0013772526622050816	0.006174999999999999
-0.007292043054661408	0.0009211992666976705	0.0062
-0.0073354964539477955	0.00046151031854046423	0.006225
-0.007350000000000001	3961417649978325e-32	0.0062499999999999995
-0.007335496453947797	-0.00046151031854043724	0.006274999999999999
-0.0072920430546614175	-0.0009211992666975917	0.006299999999999999
-0.007219811292855867	-0.0013772526622050551	0.006324999999999999
-0.007119086234295452	-0.0018278706706616344	0.00635
-0.006990265394769387	-0.0022712749086558383	0.006375
-0.006833857171278669	-0.0027057154622323314	0.0063999999999999994
-0.006650478835625258	-0.0031294777930032554	0.006424999999999999
-0.006440854098322402	-0.0035408895046476004	0.006449999999999999
-0.006205810252439832	-0.003938326943095594	0.006474999999999999
-0.0059462749086558716	-0.004320221604349667	0.0065
-0.0056632723344020785	-0.0046850663246528375	0.0065249999999999996
-0.005357919411547388	-0.005031421228575849	0.006549999999999999
-0.005031421228575897	-0.005357919411547343	0.006574999999999999
-0.004685066324652889	-0.005663272334402036	0.006599999999999999
-0.00432022160434972	-0.005946274908655833	0.006625
-0.00393832694309565	-0.006205810252439796	0.00665
-0.003540889504647613	-0.0064408540983223956	0.0066749999999999995
-0.0031294777930033157	-0.006650478835625229	0.006699999999999999
-0.0027057154622323934	-0.006833857171278644	0.006724999999999999
-0.002271274908655902	-0.006990265394769367	0.006749999999999999
-0.0018278706706616988	-0.007119086234295435	0.006775
-0.0013772526622051206	-0.007219811292855854	0.0068
-0.0009211992666976578	-0.00729204305466141	0.0068249999999999995
-0.00046151031854050375	-0.007335496453947793	0.006849999999999999
-27008011428878063e-33	-0.007350000000000001	0.006874999999999999
0.00046151031854039777	-0.0073354964539478	0.006899999999999999
0.0009211992666976044	-0.007292043054661417	0.006925
0.0013772526622050675	-0.007219811292855864	0.00695
0.0018278706706616465	-0.007119086234295449	0.006974999999999999
0.0022712749086558504	-0.006990265394769384	0.006999999999999999
0.0027057154622323436	-0.0068338571712786645	0.007024999999999999
0.0031294777930032667	-0.006650478835625253	0.007049999999999999
0.0035408895046475657	-0.006440854098322421	0.007075
0.003938326943095605	-0.006205810252439824	0.0070999999999999995
0.0043202216043496345	-0.005946274908655895	0.007124999999999999
0.004685066324652847	-0.00566327233440207	0.007149999999999999
0.005031421228575819	-0.005357919411547415	0.007174999999999999
0.005357919411547352	-0.005031421228575888	0.0072
0.005663272334402044	-0.004685066324652879	0.007225
0.00594627490865584	-0.004320221604349711	0.0072499999999999995
0.0062058102524398025	-0.00393832694309564	0.007274999999999999
0.006440854098322376	-0.0035408895046476476	0.007299999999999999
0.006650478835625234	-0.0031294777930033044	0.007324999999999999
0.00683385717127863	-0.0027057154622324307	0.00735
0.006990265394769371	-0.0022712749086558895	0.007375
0.007119086234295425	-0.0018278706706617372	0.0073999999999999995
0.007219811292855856	-0.0013772526622051083	0.007424999999999999
0.0072920430546614115	-0.0009211992666976453	0.007449999999999999
0.007335496453947794	-0.0004615103185404912	0.007474999999999999
0.007350000000000001	-14401846357972875e-33	0.0075
0.007335496453947799	0.0004615103185404103	0.007525
0.007292043054661416	0.0009211992666976168	0.007549999999999999
0.007219811292855872	0.0013772526622050287	0.007574999999999999
0.007119086234295445	0.0018278706706616587	0.007599999999999999
0.006990265394769396	0.0022712749086558127	0.007624999999999999
0.006833857171278659	0.0027057154622323553	0.00765
0.006650478835625269	0.0031294777930032307	0.0076749999999999995
0.006440854098322415	0.0035408895046475765	0.007699999999999999
0.006205810252439818	0.003938326943095615	0.007724999999999999
0.005946274908655888	0.004320221604349645	0.007749999999999999
0.005663272334402062	0.0046850663246528566	0.007775
0.0053579194115474064	0.005031421228575828	0.0078
0.005031421228575879	0.00535791941154736	0.007824999999999999
0.0046850663246529095	0.005663272334402019	0.00785
0.0043202216043497	0.005946274908655848	0.007875
0.003938326943095673	0.006205810252439781	0.007899999999999999
0.0035408895046476364	0.006440854098322382	0.007925
0.0031294777930032927	0.0066504788356252405	0.007949999999999999
0.002705715462232419	0.006833857171278634	0.007975
0.0022712749086558777	0.006990265394769375	0.008
0.0018278706706617248	0.007119086234295429	0.008025
0.0013772526622050957	0.007219811292855859	0.00805
0.0009211992666976847	0.007292043054661406	0.008074999999999999
0.00046151031854047865	0.007335496453947795	0.0081
54020572365435055e-33	0.007350000000000001	0.008124999999999999
-0.0004615103185404228	0.007335496453947798	0.00815
-0.0009211992666975774	0.00729204305466142	0.008175
-0.001377252662205041	0.007219811292855869	0.008199999999999999
-0.0018278706706616708	0.007119086234295443	0.008225
-0.002271274908655825	0.006990265394769392	0.008249999999999999
-0.002705715462232367	0.006833857171278655	0.008275
-0.0031294777930032424	0.006650478835625264	0.0083
-0.0035408895046475874	0.0064408540983224094	0.008324999999999999
-0.0039383269430955815	0.006205810252439839	0.00835
-0.004320221604349655	0.00594627490865588	0.008374999999999999
-0.004685066324652826	0.005663272334402087	0.0084
-0.005031421228575838	0.005357919411547399	0.008425
-0.005357919411547368	0.0050314212285758695	0.00845
-0.005663272334402027	0.004685066324652899	0.008475
-0.005946274908655855	0.00432022160434969	0.008499999999999999
-0.006205810252439788	0.003938326943095662	0.008525
-0.006440854098322388	0.0035408895046476255	0.008549999999999999
-0.006650478835625223	0.0031294777930033287	0.008575
-0.006833857171278639	0.002705715462232407	0.0086
-0.006990265394769363	0.0022712749086559155	0.008624999999999999
-0.007119086234295431	0.0018278706706617127	0.00865
-0.007219811292855851	0.0013772526622051347	0.008674999999999999
-0.007292043054661408	0.0009211992666976721	0.0087
-0.0073354964539477955	0.00046151031854046597	0.008725
-0.007350000000000001	4141440729452987e-32	0.008749999999999999
-0.007335496453947797	-0.0004615103185404355	0.008775
-0.007292043054661418	-0.00092119926669759	0.008799999999999999
-0.007219811292855867	-0.0013772526622050532	0.008825
-0.007119086234295452	-0.0018278706706616325	0.00885
-0.006990265394769388	-0.0022712749086558365	0.008875
-0.006833857171278669	-0.0027057154622323297	0.0089
-0.006650478835625259	-0.0031294777930032536	0.008924999999999999
-0.0064408540983224025	-0.0035408895046475986	0.00895
-0.006205810252439833	-0.003938326943095592	0.008974999999999999
-0.005946274908655873	-0.004320221604349666	0.009
-0.005663272334402079	-0.004685066324652836	0.009025
-0.005357919411547389	-0.005031421228575847	0.009049999999999999
-0.005031421228575898	-0.005357919411547341	0.009075
-0.0046850663246528895	-0.005663272334402035	0.009099999999999999
-0.004320221604349722	-0.005946274908655832	0.009125
-0.003938326943095652	-0.006205810252439795	0.00915
-0.0035408895046476602	-0.0064408540983223695	0.009174999999999999
-0.0031294777930033174	-0.006650478835625229	0.0092
-0.002705715462232395	-0.006833857171278644	0.009224999999999999
-0.0022712749086559033	-0.006990265394769367	0.00925
-0.0018278706706617005	-0.007119086234295435	0.009275
-0.0013772526622051224	-0.007219811292855854	0.0093
-0.0009211992666976597	-0.00729204305466141	0.009325
-0.00046151031854050554	-0.007335496453947793	0.009349999999999999
-28808242223624673e-33	-0.007350000000000001	0.009375
0.00046151031854039593	-0.0073354964539478	0.009399999999999999
0.0009211992666976025	-0.007292043054661417	0.009425
0.0013772526622050658	-0.007219811292855864	0.00945
0.0018278706706616448	-0.007119086234295449	0.009474999999999999
0.0022712749086558487	-0.006990265394769384	0.0095
0.002705715462232342	-0.006833857171278665	0.009524999999999999
0.0031294777930032654	-0.0066504788356252535	0.00955
0.003540889504647564	-0.006440854098322422	0.009575
0.003938326943095603	-0.006205810252439825	0.0096
0.004320221604349633	-0.005946274908655896	0.009625
0.004685066324652845	-0.005663272334402071	0.009649999999999999
0.005031421228575818	-0.005357919411547416	0.009675
0.00535791941154735	-0.005031421228575889	0.009699999999999999
0.005663272334402042	-0.00468506632465288	0.009725
0.005946274908655839	-0.004320221604349713	0.00975
0.006205810252439802	-0.003938326943095641	0.009774999999999999
0.006440854098322375	-0.003540889504647649	0.0098
0.0066504788356252335	-0.003129477793003306	0.009824999999999999
0.006833857171278629	-0.0027057154622324325	0.00985
0.00699026539476937	-0.002271274908655891	0.009875
0.007119086234295425	-0.001827870670661739	0.009899999999999999
0.007219811292855856	-0.00137725266220511	0.009925
0.0072920430546614045	-0.000921199266697699	0.009949999999999999
0.007335496453947794	-0.0004615103185404929	0.009975
0.007350000000000001	-16202077152719485e-33	0.01
0.007335496453947799	0.00046151031854040845	0.010025
0.007292043054661416	0.000921199266697615	0.01005
0.007219811292855872	0.0013772526622050267	0.010074999999999999
0.007119086234295446	0.001827870670661657	0.0101
0.006990265394769396	0.002271274908655811	0.010124999999999999
0.00683385717127866	0.0027057154622323536	0.01015
0.00665047883562527	0.0031294777930032294	0.010175
0.0064408540983224155	0.003540889504647575	0.010199999999999999
0.006205810252439819	0.0039383269430956136	0.010225
0.005946274908655889	0.004320221604349644	0.010249999999999999
0.005663272334402064	0.004685066324652856	0.010275
0.005357919411547408	0.005031421228575828	0.0103
0.00503142122857588	0.005357919411547358	0.010324999999999999
0.004685066324652911	0.005663272334402017	0.01035
0.004320221604349701	0.005946274908655846	0.010374999999999999
0.003938326943095675	0.00620581025243978	0.0104
0.003540889504647638	0.006440854098322381	0.010425
0.0031294777930033417	0.006650478835625217	0.01045
0.0027057154622324203	0.006833857171278633	0.010475
0.0022712749086558795	0.006990265394769374	0.010499999999999999
0.0018278706706617268	0.007119086234295429	0.010525
0.0013772526622050976	0.007219811292855859	0.010549999999999999
0.0009211992666976863	0.007292043054661406	0.010575
0.0004615103185404804	0.007335496453947795	0.0106
5582080316018166e-32	0.007350000000000001	0.010624999999999999
-0.0004615103185404211	0.007335496453947799	0.01065
-0.0009211992666975757	0.00729204305466142	0.010674999999999999
-0.0013772526622050393	0.007219811292855869	0.0107
-0.0018278706706616693	0.0071190862342954435	0.010725
-0.002271274908655823	0.006990265394769393	0.01075
-0.0027057154622323653	0.006833857171278655	0.010775
-0.0031294777930032406	0.006650478835625265	0.010799999999999999
-0.003540889504647586	0.00644085409832241	0.010825
-0.00393832694309558	0.00620581025243984	0.01085
-0.004320221604349654	0.005946274908655881	0.010875
-0.0046850663246528245	0.005663272334402089	0.0109
-0.0050314212285758365	0.005357919411547399	0.010924999999999999
-0.005357919411547331	0.005031421228575909	0.01095
-0.005663272334402026	0.004685066324652901	0.010974999999999999
-0.005946274908655854	0.004320221604349692	0.011
-0.006205810252439787	0.003938326943095664	0.011025
-0.006440854098322387	0.0035408895046476273	0.011049999999999999
-0.006650478835625222	0.0031294777930033304	0.011075
-0.0068338571712786384	0.0027057154622324086	0.011099999999999999
-0.006990265394769362	0.002271274908655917	0.011125
-0.0071190862342954304	0.0018278706706617144	0.01115
-0.007219811292855851	0.0013772526622051365	0.011175
-0.007292043054661408	0.0009211992666976739	0.0112
-0.0073354964539477955	0.0004615103185404678	0.011224999999999999
-0.007350000000000001	4321463808927647e-32	0.01125
-0.007335496453947798	-0.00046151031854043366	0.011274999999999999
-0.007292043054661418	-0.0009211992666975882	0.0113
-0.007219811292855867	-0.0013772526622050517	0.011325
-0.007119086234295453	-0.001827870670661631	0.011349999999999999
-0.006990265394769389	-0.002271274908655835	0.011375
-0.00683385717127867	-0.0027057154622323284	0.011399999999999999
-0.0066504788356252596	-0.003129477793003252	0.011425
-0.0064408540983224285	-0.0035408895046475514	0.01145
-0.006205810252439834	-0.003938326943095591	0.011474999999999999
-0.005946274908655874	-0.004320221604349664	0.0115
-0.005663272334402081	-0.004685066324652834	0.011524999999999999
-0.005357919411547391	-0.005031421228575845	0.01155
-0.005031421228575899	-0.0053579194115473405	0.011575
-0.004685066324652891	-0.005663272334402033	0.0116
-0.004320221604349724	-0.005946274908655831	0.011625
-0.0039383269430956535	-0.006205810252439793	0.011649999999999999
-0.003540889504647662	-0.006440854098322369	0.011675
-0.003129477793003319	-0.006650478835625228	0.011699999999999999
-0.002705715462232397	-0.006833857171278643	0.011725
-0.002271274908655905	-0.006990265394769366	0.01175
-0.0018278706706617023	-0.007119086234295434	0.011774999999999999
-0.001377252662205124	-0.007219811292855853	0.0118
-0.0009211992666976615	-0.00729204305466141	0.011824999999999999
-0.0004615103185405073	-0.007335496453947793	0.01185
-30608473018371283e-33	-0.007350000000000001	0.011875
0.0004615103185403941	-0.007335496453947801	0.011899999999999999
0.0009211992666976007	-0.007292043054661417	0.011925
0.0013772526622050126	-0.0072198112928558746	0.011949999999999999
0.0018278706706616429	-0.0071190862342954495	0.011975
0.002271274908655847	-0.0069902653947693846	0.012
0.00270571546223234	-0.006833857171278665	0.012025
0.0031294777930032636	-0.006650478835625254	0.01205
0.003540889504647562	-0.0064408540983224224	0.012074999999999999
0.003938326943095602	-0.006205810252439827	0.0121
0.004320221604349632	-0.005946274908655898	0.012124999999999999
0.0046850663246528436	-0.0056632723344020724	0.01215
0.005031421228575817	-0.005357919411547418	0.012175
0.005357919411547348	-0.00503142122857589	0.012199999999999999
0.005663272334402042	-0.004685066324652882	0.012225
0.005946274908655839	-0.0043202216043497135	0.012249999999999999
0.006205810252439801	-0.003938326943095643	0.012275
0.006440854098322374	-0.0035408895046476507	0.0123
0.006650478835625233	-0.0031294777930033074	0.012325
0.006833857171278628	-0.0027057154622324338	0.01235
0.00699026539476937	-0.0022712749086558934	0.012374999999999999
0.007119086234295424	-0.0018278706706617407	0.0124
0.0072198112928558555	-0.0013772526622051117	0.012425
0.0072920430546614045	-0.0009211992666977009	0.01245
0.007335496453947794	-0.00046151031854049475	0.012475
